LOOKING A TOUR FOR:

BOARD WIDTH:  8
BOARD HEIGHT: 8

TOUR EXISTS!
INIT X: 1; INIT Y: 1

         1         26         15         24         29         36         13         32 
        16         23         28         35         14         31         40         37 
        27          2         25         30         61         38         33         12 
        22         17         62         45         34         41         50         39 
         3         46         21         60         49         64         11         42 
        18         57         48         63         44         53          8         51 
        47          4         55         20         59          6         43         10 
        56         19         58          5         54          9         52          7 

